# x_1,x_2,y_eval,y_pred
2.18 78.63 0.00 0.00
3.95 123.54 0.00 0.00
3.35 47.75 0.00 1.00
2.07 27.00 0.00 0.00
3.58 226.70 0.00 0.00
2.57 196.93 0.00 0.00
6.36 1419.05 0.00 0.00
3.13 38.06 0.00 1.00
1.86 4.31 0.00 0.00
3.03 245.92 0.00 0.00
4.69 357.28 0.00 0.00
2.12 23.09 0.00 0.00
2.72 273.98 0.00 0.00
2.98 74.46 0.00 0.00
4.90 593.60 0.00 0.00
1.99 47.42 0.00 0.00
3.11 104.89 0.00 0.00
3.70 76.34 0.00 1.00
4.99 241.12 0.00 0.00
2.77 135.84 0.00 0.00
2.97 188.69 0.00 0.00
1.73 38.59 0.00 0.00
3.25 42.96 0.00 1.00
3.85 100.72 0.00 1.00
2.54 75.17 0.00 0.00
3.47 127.49 0.00 0.00
3.24 292.77 0.00 0.00
1.52 33.09 0.00 0.00
1.43 28.26 0.00 0.00
2.66 65.15 0.00 0.00
1.71 56.92 0.00 0.00
2.36 30.98 0.00 0.00
1.68 27.28 0.00 0.00
3.17 110.91 0.00 0.00
4.69 261.82 0.00 0.00
3.75 121.47 0.00 0.00
2.11 63.95 0.00 0.00
4.47 51.84 0.00 1.00
2.62 22.90 0.00 0.00
1.88 20.17 0.00 0.00
3.24 109.71 0.00 0.00
4.30 56.37 0.00 1.00
2.35 25.57 0.00 0.00
2.41 58.65 0.00 0.00
4.45 615.32 0.00 0.00
1.73 26.59 0.00 0.00
3.04 50.11 0.00 0.00
2.27 64.72 0.00 0.00
2.11 56.58 0.00 0.00
3.46 58.99 0.00 1.00
4.88 145.23 1.00 1.00
2.64 5.90 1.00 1.00
4.45 144.62 1.00 1.00
3.56 6.36 1.00 1.00
3.59 46.06 1.00 1.00
4.92 28.33 1.00 1.00
3.16 39.41 1.00 1.00
3.02 32.62 1.00 1.00
3.64 23.78 1.00 1.00
4.16 56.94 1.00 1.00
4.20 31.08 1.00 1.00
3.80 40.74 1.00 1.00
2.38 9.35 1.00 0.00
4.74 28.83 1.00 1.00
4.33 60.36 1.00 1.00
4.15 14.80 1.00 1.00
4.09 33.45 1.00 1.00
4.43 118.53 1.00 1.00
3.23 11.80 1.00 1.00
4.30 53.85 1.00 1.00
5.30 50.57 1.00 1.00
2.99 10.93 1.00 1.00
3.71 21.44 1.00 1.00
3.44 11.42 1.00 1.00
4.07 30.60 1.00 1.00
4.60 81.44 1.00 1.00
4.56 11.99 1.00 1.00
3.67 10.23 1.00 1.00
5.08 59.04 1.00 1.00
2.80 8.76 1.00 1.00
2.29 8.20 1.00 0.00
6.18 127.46 1.00 1.00
4.20 64.91 1.00 1.00
4.76 40.51 1.00 1.00
3.60 14.51 1.00 1.00
4.31 36.41 1.00 1.00
4.25 27.37 1.00 1.00
3.75 22.30 1.00 1.00
3.94 27.68 1.00 1.00
5.24 162.46 1.00 1.00
2.78 7.71 1.00 1.00
3.53 31.87 1.00 1.00
3.45 31.75 1.00 1.00
3.62 39.19 1.00 1.00
3.96 36.65 1.00 1.00
3.80 11.71 1.00 1.00
3.95 7.32 1.00 1.00
3.86 26.40 1.00 1.00
4.92 102.08 1.00 1.00
3.32 12.76 1.00 1.00
